0.07495388388633728
0.07721994072198868
0.06599391996860504
0.17557194828987122
0.5116722583770752
0.5410034656524658
0.5982434153556824
0.8522143363952637
0.8411823511123657
0.8211636543273926
0.7908673286437988
0.9085417985916138
0.9582059383392334
0.9464106559753418
0.903725266456604
0.8245753049850464
0.623597264289856
0.177061066031456
-0.9813473224639893
-0.06403577327728271
0.12548020482063293
0.08866475522518158
0.23779425024986267
0.888534426689148
0.9441534280776978
1.0203824043273926
1.0420124530792236
1.0215123891830444
0.9741404056549072
0.8933979272842407
0.9825714826583862
0.9671459197998047
1.0078017711639404
1.015121340751648
1.0173296928405762
0.8595130443572998
0.9337890148162842
0.9160397052764893
0.803809404373169
0.9233289957046509
0.7446740865707397
0.6385608911514282
0.6931929588317871
0.6467797756195068
0.31892865896224976
0.40915191173553467
0.49597346782684326
0.31170421838760376
0.28107792139053345
0.22478389739990234
0.15033933520317078
0.22428418695926666
0.02628473937511444
0.028583981096744537
0.03500880300998688
0.02416113018989563
-0.020209908485412598
0.08827285468578339
0.046473175287246704
0.026527628302574158
0.04002383351325989
0.02004428207874298
0.035501934587955475
0.034752555191516876
0.24978773295879364
0.3537098467350006
0.32763636112213135
0.34510916471481323
0.25053828954696655
0.26963791251182556
0.29969388246536255
0.21150654554367065
0.16430991888046265
0.0686577633023262
0.061892181634902954
0.03987771272659302
0.04922066628932953
0.05415305495262146
0.05610212683677673
0.05049377679824829
0.037665605545043945
0.024475887417793274
0.038301020860672
0.039516381919384
0.0492275133728981
0.3031245470046997
0.2185174822807312
0.15255436301231384
0.19039350748062134
0.26542532444000244
0.30432188510894775
0.4477447271347046
0.6439753770828247
0.6727159023284912
0.7584387063980103
0.7329440116882324
0.8887217044830322
0.8876442909240723
0.7909842729568481
0.7916319370269775
0.5089482069015503
0.4759604334831238
0.3381957411766052
0.2338789403438568
0.1436242312192917
0.1348046362400055
0.09373559057712555
0.009091049432754517
0.004700884222984314
0.03835485875606537
-0.00821717083454132
0.009015262126922607
-0.006497323513031006
0.02122659981250763
0.055812522768974304
0.09731163084506989
0.11184024810791016
0.18837624788284302
0.18022622168064117
0.13765349984169006
0.20039303600788116
0.18962940573692322
0.23956650495529175
0.16866140067577362
0.2850016951560974
0.19868764281272888
0.3172783851623535
0.2335018813610077
0.5651751756668091
0.8023878335952759
0.9360181093215942
0.9326461553573608
0.9444217681884766
0.9746774435043335
0.8400356769561768
0.7960513830184937
0.7557777166366577
0.6789487600326538
0.6896967887878418
0.19948311150074005
0.36828088760375977
0.3267866373062134
0.4440317451953888
0.7683924436569214
0.8983542919158936
0.997911810874939
0.971680760383606
0.997871994972229
0.9737116098403931
0.978665828704834
1.018625020980835
0.964418888092041
0.9909296035766602
1.0051320791244507
0.9698683023452759
0.9823083877563477
0.9976614713668823
0.9819751977920532
0.9565935134887695
1.0084580183029175
0.9536266326904297
0.9649732112884521
0.9029432535171509
0.9299445152282715
0.944597601890564
0.8533191680908203
0.8278378248214722
0.7824383974075317
0.7361675500869751
0.6266610622406006
0.7022756338119507
0.5114439725875854
0.24340960383415222
0.18073692917823792
0.1385061889886856
0.06778836250305176
0.007754907011985779
0.01929938793182373
0.023315340280532837
-0.007953017950057983
-0.011720836162567139
-0.03344814479351044
-0.026963189244270325
-0.011770948767662048
-0.0669831931591034
-0.013252690434455872
0.09519831836223602
0.3061651587486267
0.2963137924671173
0.390312135219574
0.4686693251132965
0.5890054702758789
0.6936756372451782
0.9393278360366821
0.6828585863113403
0.5930432081222534
0.6571524143218994
0.6714074611663818
0.7332025766372681
0.7280641794204712
0.8498409986495972
0.8267265558242798
0.9505841732025146
1.0531005859375
0.9806427955627441
1.024129033088684
1.0213292837142944
1.0010898113250732
1.0388189554214478
0.9645794630050659
1.0454126596450806
0.9394732713699341
0.99383544921875
1.016499400138855
0.9143285751342773
0.9881675243377686
0.9548062086105347
0.7618067264556885
0.7302385568618774
0.7952306270599365
0.7399574518203735
0.8087636232376099
0.7928746938705444
0.7631428241729736
0.7844125032424927
0.8307169675827026
0.5281659364700317
0.6006672382354736
0.5326118469238281
0.7154859304428101
0.6041264533996582
0.6183422803878784
0.5325925350189209
0.7352420091629028
0.6647802591323853
0.6471867561340332
0.58063143491745
0.7061507701873779
0.5674861669540405
0.23355437815189362
0.1937112957239151
0.22155746817588806
0.30372047424316406
0.30868977308273315
0.23596510291099548
0.2981817126274109
0.3278171718120575
0.47616448998451233
0.6323318481445312
0.7936959266662598
0.6257359981536865
0.6984511613845825
0.5650950074195862
0.7533899545669556
0.6290236711502075
0.7544405460357666
0.6991661787033081
0.7653979063034058
0.8329752683639526
0.7839710712432861
0.7736433744430542
0.6772842407226562
0.8382501602172852
0.6199859380722046
0.6898139715194702
0.7556799650192261
0.7685678005218506
0.7292096614837646
0.7168810367584229
0.7717019319534302
0.6858730316162109
0.6875655651092529
0.7845197916030884
0.8712581396102905
0.7975164651870728
0.8819350004196167
0.7378221750259399
0.7905670404434204
0.7140077352523804
0.6276424527168274
0.6301343441009521
0.4942653477191925
0.6990779638290405
0.6446390151977539
0.7679399251937866
0.7025814056396484
0.7516332864761353
0.777073860168457
0.8312646150588989
0.8212180137634277
0.7698166370391846
0.7376759052276611
0.7234030961990356
0.6438863277435303
0.7067906856536865
0.7444912195205688
0.7766234874725342
0.751435399055481
0.761134147644043
0.669904351234436
0.6732685565948486
0.5703916549682617
0.6117537021636963
0.46779313683509827
0.4607000946998596
0.2600482702255249
0.28279581665992737
0.20913320779800415
0.10209017246961594
0.27871939539909363
0.20046544075012207
0.31403887271881104
0.2670561969280243
0.31270766258239746
0.31722384691238403
0.38291898369789124
0.2839900255203247
0.2555074989795685
0.227322518825531
0.1672845482826233
0.15084372460842133
0.08485652506351471
0.07672278583049774
0.08573633432388306
0.03559058904647827
0.09247985482215881
0.028110802173614502
0.015910625457763672
0.04365527629852295
0.020605742931365967
0.1078360378742218
0.12427764385938644
0.09323450922966003
0.28176265954971313
0.26580628752708435
0.032522052526474
0.05364284664392471
0.22578713297843933
0.18994706869125366
0.009062528610229492
0.023863717913627625
-0.0162905752658844
0.03862135112285614
0.04503345489501953
0.0776972696185112
0.1771455556154251
0.11391668021678925
0.2931787371635437
0.7043633460998535
0.4528707265853882
0.3193235397338867
0.4659886956214905
0.3271678686141968
0.3997315764427185
0.19946515560150146
0.1953691989183426
0.26857608556747437
0.23047304153442383
0.20793366432189941
0.183895543217659
0.13588786125183105
0.12092378735542297
0.17799915373325348
0.081864133477211
0.0013064593076705933
0.02553170919418335
-0.014823853969573975
-0.018793240189552307
0.02255880832672119
0.01602742075920105
0.07166796922683716
0.07463634014129639
0.09786923229694366
0.21845731139183044
0.25818681716918945
0.1610807329416275
0.549386203289032
0.5765671730041504
0.9368464946746826
1.0091086626052856
0.9135581254959106
0.8231077194213867
0.7261722087860107
0.4598028361797333
0.7489789724349976
0.9402334690093994
0.9084471464157104
0.8742498159408569
0.970191240310669
0.9494022130966187
0.9810918569564819
0.9477722644805908
0.9851349592208862
0.8570111989974976
0.7527123689651489
1.0016762018203735
1.0175211429595947
0.930185079574585
0.8587100505828857
0.6615703105926514
0.644372820854187
0.4128943681716919
0.47698378562927246
0.4211054742336273
0.46854880452156067
0.3956920802593231
0.5377767086029053
0.5564090609550476
0.5649051070213318
0.4509027302265167
0.25864455103874207
0.06524612009525299
0.0652637779712677
0.03246212750673294
0.11753597855567932
0.06765521317720413
0.008034586906433105
0.02940613031387329
0.03200879693031311
0.007257416844367981
0.05147700011730194
0.2971067428588867
0.4277914762496948
0.5399594306945801
0.6121834516525269
0.6434227824211121
0.7614887952804565
0.7925434112548828
0.8274745941162109
0.7840126752853394
0.6771762371063232
0.6654706001281738
0.7459627389907837
0.7118505239486694
0.8464995622634888
0.8652570247650146
0.76494300365448
0.9469434022903442
0.9658687114715576
0.9666705131530762
0.9535733461380005
0.8311938047409058
0.9357011318206787
0.987311601638794
0.9252222776412964
0.7797936201095581
0.6285988688468933
0.34161731600761414
0.1642499715089798
0.1967422217130661
0.05850578844547272
0.1464669406414032
0.12334699928760529
0.12726059556007385
0.2843213975429535
0.045339129865169525
0.0951036587357521
0.005186185240745544
0.025154203176498413
-0.015038684010505676
0.008525639772415161
0.15058955550193787
0.9358245134353638
0.9542937278747559
0.9743422269821167
0.9496386051177979
0.688963770866394
0.6372470855712891
0.5963029861450195
0.4172310531139374
0.26262325048446655
0.2925707697868347
0.2010248899459839
0.28268951177597046
0.21862521767616272
0.20601597428321838
0.0486571341753006
0.125919908285141
-0.012196213006973267
0.033323466777801514
0.07669369131326675
0.0873812735080719
0.4082742929458618
0.42707207798957825
0.83971107006073
0.9227583408355713
0.8881380558013916
0.7242193222045898
0.907498836517334
0.7463804483413696
0.7684836387634277
0.44749224185943604
0.2875405550003052
0.6298872232437134
0.28569844365119934
0.3047006130218506
0.1919911503791809
0.2523002624511719
0.22421112656593323
0.21854142844676971
0.29402971267700195
0.5358084440231323
0.8763176202774048
0.824447512626648
0.904651403427124
0.9963651895523071
0.9545477628707886
1.0234116315841675
1.0010298490524292
0.9997544288635254
1.032989501953125
0.8992304801940918
0.9408873319625854
0.9693715572357178
0.9737614393234253
1.0229480266571045
0.952082633972168
1.0044585466384888
0.9833241701126099
0.8206131458282471
1.000489592552185
0.7909359931945801
0.8062283992767334
0.722327470779419
0.6386328935623169
0.61504065990448
0.7566463947296143
0.8686103820800781
0.649825930595398
0.6140590310096741
0.5284380912780762
0.53615403175354
0.47758355736732483
0.5477755069732666
0.4262409508228302
0.40091168880462646
0.24135169386863708
0.4210890233516693
0.48402494192123413
0.3370742201805115
0.404702752828598
0.40000927448272705
0.738685131072998
0.9757399559020996
0.9051190614700317
1.0217589139938354
0.6586898565292358
0.37724149227142334
0.16653738915920258
0.060322850942611694
0.06752002984285355
-0.015915602445602417
-0.005723237991333008
-0.01591193675994873
-0.007604926824569702
-0.043483808636665344
-0.014887392520904541
0.007245928049087524
0.09441027045249939
0.058307304978370667
0.009075567126274109
0.14753520488739014
0.12240567803382874
0.1254657804965973
0.21412815153598785
0.1713077872991562
0.32751035690307617
0.3096078038215637
0.2760190963745117
0.581046462059021
0.03891532123088837
0.17352235317230225
0.1309632807970047
0.04703293740749359
0.06518570333719254
0.10058034211397171
0.17916154861450195
0.1965886950492859
0.3215576410293579
0.6695806980133057
0.8732889890670776
0.9487018585205078
0.9738143682479858
0.8735103607177734
0.9672173261642456
0.939497709274292
0.9061169624328613
0.7963693141937256
0.8305140733718872
0.8336738348007202
0.9028972387313843
0.6545794010162354
0.5358319282531738
0.48863017559051514
0.6768625974655151
0.5569889545440674
0.7173011302947998
0.7092692852020264
0.6851651668548584
0.7751306295394897
0.8163548707962036
0.847528338432312
0.8365086317062378
0.5889840126037598
0.4405999481678009
0.25710612535476685
0.20592069625854492
0.3708396553993225
0.17555953562259674
0.3464078903198242
0.15255436301231384
0.15255436301231384
0.16000035405158997
-0.018477797508239746
0.2864621877670288
0.15604378283023834
0.7068945169448853
0.3390561640262604
0.1826011836528778
0.09172193706035614
0.409597784280777
0.21602363884449005
0.16060715913772583
0.05009596794843674
0.03625859320163727
0.10915306210517883
0.12245483696460724
0.1585294008255005
0.04402899742126465
0.137423574924469
0.16265039145946503
0.14766494929790497
0.4526732563972473
0.3836015462875366
0.3454134464263916
0.548375129699707
0.5392446517944336
0.30851316452026367
0.31449371576309204
0.5464231967926025
0.5342973470687866
0.6705957651138306
0.6762604713439941
0.6949585676193237
0.6432180404663086
0.7324388027191162
0.9576020240783691
0.9392849206924438
0.91483473777771
0.9952526092529297
0.931012749671936
0.9249788522720337
0.9215500354766846
0.9360800981521606
0.7182693481445312
1.3562860488891602
0.7014858722686768
0.22923064231872559
0.052557870745658875
0.012231767177581787
0.3365439176559448
0.03211510181427002
0.06841215491294861
0.205776184797287
0.2902652621269226
0.7189327478408813
0.6556962728500366
0.6283290982246399
0.7661961317062378
0.8365765810012817
0.909214973449707
0.8964532613754272
0.9393616914749146
0.9672319889068604
0.9666001796722412
0.9024362564086914
0.6939688920974731
0.7485679388046265
0.7163090705871582
0.7215508222579956
0.6728771924972534
0.8191932439804077
0.6388373374938965
0.6959960460662842
0.683894157409668
0.7431802749633789
0.8681471347808838
0.9464973211288452
0.8662596940994263
0.9596506357192993
0.9160555601119995
0.9617356061935425
0.6888843774795532
0.7875614166259766
0.7669225931167603
0.735710620880127
0.8347591161727905
0.841352105140686
0.8859076499938965
0.8494731187820435
0.9576412439346313
0.8937692642211914
0.8919821977615356
0.9423359632492065
0.8753030300140381
0.8992854356765747
0.9081053733825684
0.7993247509002686
0.7384411096572876
0.9767684936523438
0.7832969427108765
0.6429204344749451
0.7110642194747925
0.43372735381126404
0.460636168718338
0.3364802598953247
0.28441399335861206
0.28471410274505615
0.6499655842781067
0.6851376295089722
0.8921281099319458
0.8037219047546387
0.84771728515625
0.8459216356277466
0.4872727692127228
0.4980561435222626
0.49221742153167725
0.36083996295928955
0.22214581072330475
0.17800113558769226
0.17895619571208954
0.12572190165519714
0.38772472739219666
0.1190861314535141
0.12326677143573761
-0.04906274378299713
-0.00895477831363678
0.023393452167510986
0.009418755769729614
0.09996268898248672
0.09679288417100906
0.08644795417785645
0.04303625226020813
0.010962188243865967
0.5032731294631958
0.46057426929473877
0.4909445345401764
0.2064773291349411
0.1726134866476059
0.09007621556520462
0.12833768129348755
0.258639395236969
0.4033263027667999
0.8873409032821655
0.9151879549026489
0.9153695106506348
0.9242559671401978
0.8993555307388306
0.9254710674285889
0.9254838228225708
0.937631368637085
0.9649282693862915
0.9766808748245239
0.9946504831314087
0.7292450666427612
0.4820917844772339
0.24623465538024902
0.15255436301231384
0.07006804645061493
0.26424044370651245
-0.007785961031913757
0.25856640934944153
0.22689926624298096
0.23268195986747742
0.2144336700439453
0.2120245397090912
0.30594387650489807
0.14398293197155
0.05804641544818878
0.1038745790719986
0.1578332632780075
0.08774396777153015
0.09672561287879944
-0.013799011707305908
0.2064187228679657
0.30133599042892456
0.06036822497844696
0.0448811873793602
-0.022933781147003174
0.008216559886932373
0.02897791564464569
-0.0062571316957473755
0.014491021633148193
0.08324292302131653
0.03864184021949768
0.10236795991659164
0.14425897598266602
0.12352730333805084
0.12141615152359009
0.20545075833797455
0.2684248983860016
0.2731815576553345
0.32060664892196655
0.5741452574729919
0.4586527347564697
0.6718453168869019
0.7157161235809326
0.6763756275177002
0.778110146522522
0.4096057713031769
0.6125780344009399
0.43143022060394287
0.5504922866821289
0.2636987566947937
0.24963612854480743
0.35104116797447205
0.18350951373577118
0.26193520426750183
0.17182183265686035
0.27939286828041077
0.25780656933784485
0.44864121079444885
0.6119739413261414
0.8247981071472168
0.9140524864196777
0.8949134349822998
0.8434971570968628
0.9651743173599243
0.9549082517623901
1.000856876373291
0.961227297782898
1.0454164743423462
0.9533373117446899
0.9896876811981201
0.9557349681854248
1.0164297819137573
1.005558967590332
1.0550118684768677
0.9168070554733276
0.18515430390834808
0.1805497705936432
0.15255436301231384
0.127883642911911
0.12053162604570389
0.16932103037834167
0.18391701579093933
0.6667623519897461
0.6358343362808228
0.4536520540714264
0.7688766717910767
0.4756363034248352
0.49813348054885864
0.37999364733695984
0.44135743379592896
0.5188589096069336
0.2078341543674469
0.24325957894325256
0.22389209270477295
0.1323215365409851
0.18007802963256836
0.31577661633491516
0.18249908089637756
0.1691059172153473
0.276542603969574
0.48917049169540405
0.1357833743095398
0.25237539410591125
0.472561240196228
0.2989686131477356
0.5333418846130371
0.5295813083648682
0.5232495069503784
0.31175118684768677
0.41465169191360474
0.4732007086277008
0.43453967571258545
0.5410572290420532
0.4652823805809021
0.5199072360992432
0.5181872248649597
0.27153152227401733
0.28664636611938477
0.39616474509239197
0.28099703788757324
0.36821693181991577
0.3507528305053711
0.5642898082733154
0.09794425219297409
0.2475491464138031
0.25806179642677307
0.321270227432251
0.39604395627975464
0.40811556577682495
0.28293538093566895
0.3577691912651062
0.46466970443725586
0.28205353021621704
0.17461472749710083
0.23605281114578247
0.21049031615257263
0.43708357214927673
0.507997989654541
0.561535120010376
0.6598508358001709
0.6896896362304688
0.9274479150772095
0.8333691358566284
0.9190996885299683
0.8233758211135864
0.9453016519546509
0.9185844659805298
0.8981786966323853
1.0064513683319092
0.8833686113357544
0.9564712047576904
0.13826023042201996
0.48973190784454346
0.6513488292694092
0.2067108005285263
0.739525556564331
0.6161527037620544
0.5306707620620728
0.5172544717788696
0.8541675806045532
0.4669138193130493
0.5251022577285767
0.22278985381126404
0.35250937938690186
0.29685914516448975
0.42578190565109253
0.2567533254623413
0.07571320980787277
0.13632993400096893
0.09773607552051544
0.12727214395999908
0.11204469203948975
0.13665100932121277
0.12406347692012787
0.11756855994462967
0.12469035387039185
0.09696175158023834
0.10614180564880371
0.11242497712373734
-0.014155834913253784
0.027474284172058105
0.021591365337371826
0.05595521628856659
0.04418814927339554
0.03287553787231445
0.03060620278120041
0.04163254052400589
0.06743813306093216
-0.002221435308456421
-0.01674187183380127
0.009379327297210693
-0.017395108938217163
0.013645172119140625
0.015836790204048157
0.0719611644744873
0.3343839645385742
0.06479994207620621
0.06305455416440964
0.06080753356218338
0.029434368014335632
-0.011357441544532776
0.018257081508636475
-0.03171420097351074
-0.00046293437480926514
-0.057120367884635925
0.05026668310165405
0.13022500276565552
0.18361416459083557
0.2002931386232376
0.14496178925037384
0.11663450300693512
0.13589248061180115
0.3243192434310913
0.5404942035675049
0.5819919109344482
0.6062612533569336
0.5858079195022583
0.5941604375839233
0.6957569122314453
0.7319881916046143
0.6125037670135498
0.9083240032196045
0.8509800434112549
0.7744632959365845
0.8448116779327393
0.832208514213562
0.9412237405776978
0.9827996492385864
0.8131834268569946
0.7789716720581055
0.6247913837432861
0.3553624153137207
0.37438011169433594
0.30750131607055664
0.12737448513507843
0.21463137865066528
-0.01084950566291809
0.09152685105800629
0.1182287335395813
0.11116018146276474
0.1016140878200531
0.05979049205780029
-0.0006892979145050049
-0.015454471111297607
0.028271913528442383
-0.032616376876831055
0.08093678951263428
0.010596126317977905
-0.0095272958278656
0.03295522183179855
-0.008882120251655579
0.01535835862159729
0.012654483318328857
-0.0024851560592651367
0.09668276458978653
0.10746345669031143
0.2094656527042389
0.1226503849029541
0.18223486840724945
0.1575751155614853
0.10599163174629211
0.023688867688179016
-0.022356659173965454
0.00916716456413269
0.07917241007089615
0.062087543308734894
0.06908091902732849
0.2134871780872345
0.4825381636619568
0.825171947479248
0.38749533891677856
0.23266556859016418
0.1204700618982315
0.023769140243530273
0.20101024210453033
0.4412996470928192
0.12637850642204285
0.047876112163066864
0.45769694447517395
0.7807227373123169
0.25485408306121826
0.2965496778488159
0.1401851773262024
0.11278288066387177
0.33854973316192627
0.45377540588378906
0.477926641702652
0.29209527373313904
0.30642151832580566
0.21365851163864136
0.07543796300888062
0.05669449269771576
0.15540824830532074
0.08709190040826797
0.22139385342597961
0.1875448077917099
-0.007895439863204956
-0.05278335511684418
-0.0008560419082641602
0.2546340823173523
0.35868123173713684
0.3115987479686737
0.3232710659503937
0.9093217849731445
0.9004490375518799
0.8261650800704956
0.9338133335113525
0.6590845584869385
0.8606895208358765
0.8866277933120728
0.8467050790786743
0.9633262157440186
0.4289108216762543
0.8706746101379395
0.64585280418396
0.7687474489212036
0.5390426516532898
0.7090303897857666
0.8398228883743286
0.943271279335022
0.965078592300415
0.9226868152618408
0.7594654560089111
0.7806062698364258
0.49580973386764526
0.15255436301231384
0.08642375469207764
0.10051323473453522
0.14423079788684845
-0.004604563117027283
0.031240276992321014
0.21068710088729858
0.33440348505973816
0.28226977586746216
0.2964196801185608
0.24862512946128845
0.07019922137260437
0.133859783411026
0.1512170433998108
0.15255436301231384
-0.019183248281478882
-0.04483422636985779
0.056540556252002716
0.03055429458618164
0.013085782527923584
-0.00456787645816803
0.1428072452545166
0.22955545783042908
0.20852480828762054
0.12596580386161804
0.14577694237232208
0.17135941982269287
0.40230339765548706
0.39061060547828674
0.3020021915435791
0.28097087144851685
0.3021512031555176
0.29713302850723267
0.35288098454475403
0.22751295566558838
0.1531069129705429
0.1567782163619995
0.08869413286447525
0.1403156816959381
0.1623629331588745
0.09317713230848312
0.10764844715595245
0.12186325341463089
0.27041324973106384
0.8122888803482056
0.1892402172088623
0.12386443465948105
0.4654027819633484
0.15255436301231384
0.037789151072502136
0.0349668487906456
-0.04070588946342468
-0.0006622821092605591
0.0068541765213012695
0.04130977392196655
0.09680695831775665
0.08923321962356567
0.02475370466709137
-0.0004377216100692749
0.09958049654960632
0.06613264977931976
0.05610567331314087
0.04767192155122757
0.05226350575685501
0.02797921746969223
0.030225321650505066
0.02725839614868164
0.0242995023727417
0.02248440682888031
0.0012638866901397705
-0.03731447458267212
-0.02178052067756653
0.03782528638839722
0.29299530386924744
0.27667003870010376
0.38482987880706787
0.47822049260139465
0.5189477801322937
0.5546300411224365
0.44589516520500183
0.5001343488693237
0.5601915121078491
0.4671982526779175
0.5322527885437012
0.3723784387111664
0.4482945501804352
0.30775851011276245
0.3022931218147278
0.41399282217025757
0.5258127450942993
0.5437307357788086
0.7208021879196167
0.7621297836303711
0.6040492653846741
0.735013484954834
0.9164434671401978
0.6572697162628174
0.7930997610092163
0.6496995687484741
0.6161505579948425
0.3558238744735718
0.34756678342819214
0.3563465476036072
0.2936432361602783
0.42474859952926636
0.45094186067581177
0.2507091462612152
0.16274254024028778
0.37423068284988403
0.18595270812511444
0.01982302963733673
0.009886324405670166
0.007731080055236816
-0.008671969175338745
-0.03605130314826965
0.02812286466360092
0.04359310865402222
-0.0007980614900588989
0.1188657134771347
0.12034058570861816
0.24676908552646637
0.34257811307907104
0.5138232111930847
0.9210226535797119
0.7013689279556274
0.6328393220901489
0.3580951988697052
0.20367436110973358
0.23117169737815857
0.35231268405914307
0.11536327749490738
0.12163786590099335
0.09449397772550583
0.12835729122161865
0.047132305800914764
0.09914136677980423
0.00780053436756134
-0.01465374231338501
0.005964159965515137
0.03405619412660599
-0.012559890747070312
0.11367850750684738
0.05428489297628403
0.17329348623752594
0.18555046617984772
0.2437422275543213
0.23342657089233398
0.402883380651474
0.7572119235992432
0.8122186660766602
0.5048778057098389
0.6541851758956909
0.5486235618591309
0.5395023226737976
0.555314838886261
0.2518875300884247
0.08932475000619888
0.10194098949432373
0.06437649577856064
0.08641162514686584
0.03906462341547012
0.17244896292686462
0.42386239767074585
0.3378789722919464
0.3994629979133606
0.41727522015571594
0.4803605377674103
0.2721770405769348
0.4972296953201294
0.3881102204322815
0.19562621414661407
0.30565449595451355
0.19410988688468933
0.2533106803894043
0.1937381625175476
0.3030930161476135
0.23132191598415375
0.1398322880268097
0.267625093460083
0.23181714117527008
0.12306809425354004
0.060693733394145966
0.06461431831121445
0.12303034961223602
0.0014472752809524536
0.20230594277381897
0.36532384157180786
0.5056635141372681
0.492395281791687
0.4942606985569
0.5740407705307007
0.8580167293548584
0.8876112699508667
0.8882730007171631
0.9022074937820435
0.9129832983016968
0.8908401727676392
0.8379275798797607
0.8773821592330933
0.8698184490203857
0.9469106197357178
0.917540431022644
0.9676473140716553
0.9334458112716675
0.9199707508087158
0.7539869546890259
0.751207709312439
0.5168505907058716
0.5701901316642761
0.2507920265197754
0.3559548258781433
0.005476891994476318
0.03940919041633606
-0.022906959056854248
-0.03178970515727997
-0.015548259019851685
-0.026161417365074158
0.05011216551065445
0.11167018115520477
0.3025079667568207
0.8234943151473999
0.2994336187839508
0.20354622602462769
0.06673777103424072
0.3065657615661621
0.12278309464454651
0.041289202868938446
0.045901939272880554
0.02370491623878479
0.05004070699214935
0.02567930519580841
0.03527255356311798
0.05359996110200882
0.022825226187705994
0.08042612671852112
0.402550607919693
0.20404408872127533
0.963813304901123
0.9931421279907227
0.993127703666687
0.986853837966919
1.0143264532089233
1.073740839958191
1.0126882791519165
1.040454626083374
1.0370465517044067
1.0123400688171387
0.8870295286178589
1.0675104856491089
0.9998594522476196
0.9703158140182495
0.9969009160995483
0.9302955865859985
1.0568225383758545
0.994335412979126
0.9956991672515869
1.0336679220199585
0.9532209634780884
0.9930423498153687
1.07322096824646
1.004301905632019
1.0193771123886108
1.0106303691864014
1.0159106254577637
0.9215812683105469
0.9992688894271851
1.0129494667053223
0.9955189228057861
1.2584891319274902
1.038173794746399
0.9312094449996948
0.807770848274231
0.43338748812675476
0.2482675313949585
0.13741324841976166
0.054097190499305725
0.032817691564559937
0.001257389783859253
0.025237083435058594
-0.03721076250076294
0.0652867928147316
-0.029981911182403564
-0.0022390782833099365
0.09274277091026306
0.09813849627971649
0.2328454852104187
0.42881205677986145
0.45836320519447327
0.5756962895393372
0.5048311948776245
0.18819108605384827
0.15122665464878082
0.3906695246696472
0.14546537399291992
0.06412500143051147
0.17439627647399902
0.15627506375312805
0.1370057910680771
0.13328486680984497
0.1478506177663803
0.19059079885482788
0.23589429259300232
0.2729352116584778
0.30744677782058716
0.27294623851776123
0.36222440004348755
0.6161899566650391
0.7458726167678833
0.450432151556015
0.6321344375610352
0.516600489616394
0.6008536219596863
0.4933524429798126
0.4857145845890045
0.2857763469219208
0.182268425822258
0.26751139760017395
0.2840607464313507
0.31631526350975037
0.3502858579158783
0.43378716707229614
0.44508498907089233
0.4187670052051544
0.4345041513442993
0.4849664866924286
0.46855300664901733
0.5144449472427368
0.3766368627548218
0.3175157308578491
0.6844266653060913
0.5205992460250854
0.4082084000110626
0.07647927850484848
0.11039948463439941
0.08095968514680862
0.08028926700353622
0.03642088174819946
0.13598400354385376
0.1234854981303215
0.2505810558795929
0.2738145589828491
0.2817702293395996
0.3310248851776123
0.5475387573242188
0.6029295921325684
0.6537868976593018
0.6294668912887573
0.7990381717681885
0.8211191892623901
0.8678860664367676
0.8683035373687744
0.8094805479049683
0.8218969106674194
0.8251128196716309
0.8733254671096802
0.8542664051055908
0.6314313411712646
0.9481840133666992
0.9491766691207886
0.8512115478515625
0.9702318906784058
0.8262410163879395
0.37230274081230164
0.4401034414768219
0.31959959864616394
0.21126306056976318
0.2025448977947235
0.4594874083995819
0.6151757836341858
0.8610256910324097
0.7589926719665527
0.8396388292312622
0.8602346181869507
0.9519602060317993
0.8936280012130737
1.013551115989685
0.9620389938354492
0.9765403270721436
0.9614756107330322
0.9919650554656982
0.739307165145874
1.021999716758728
0.969249963760376
0.9165208339691162
0.885254979133606
0.8113669157028198
0.6538589000701904
0.7221533060073853
0.7765337228775024
0.7275063991546631
0.6378321647644043
0.5805106163024902
0.5972683429718018
0.6511023044586182
0.42697930335998535
0.09947793185710907
0.10220683366060257
0.2076420783996582
0.10947076231241226
0.033997200429439545
-0.0012979507446289062
0.04466898739337921
0.0005027353763580322
-0.05243277549743652
-0.044279515743255615
0.08421433717012405
0.02259036898612976
0.026699930429458618
0.16850219666957855
0.1547483503818512
0.22335219383239746
0.4102534353733063
0.6454027891159058
0.5981749296188354
0.6000532507896423
0.6875705718994141
0.5823969841003418
0.5325185060501099
0.5846598148345947
0.5610547065734863
0.5711567401885986
0.5769020318984985
0.5895918607711792
0.7094950675964355
0.3931291103363037
0.7334740161895752
0.9666295051574707
0.8543275594711304
0.4382857382297516
0.9400069713592529
0.96832275390625
0.9390547275543213
0.9433412551879883
0.8934926986694336
0.9456934928894043
0.9610121250152588
0.945563793182373
0.94110107421875
0.9130532741546631
0.9379703998565674
0.8086655139923096
0.8079463243484497
0.5083799362182617
0.2590254843235016
0.35757285356521606
0.300895631313324
0.2680318057537079
0.2751578092575073
0.37967878580093384
0.5464587211608887
0.6877326965332031
0.5930478572845459
0.4369458258152008
0.6580091714859009
0.6536359786987305
0.8039796352386475
0.8497453927993774
0.747702956199646
0.6305694580078125
0.3239334225654602
0.5277538299560547
0.5536914467811584
0.47109583020210266
0.3501538634300232
0.44172462821006775
0.7660473585128784
0.6909019947052002
0.696191668510437
0.5962486863136292
0.6459083557128906
0.9006025791168213
0.9719150066375732
0.9552633762359619
0.9168124198913574
0.8643523454666138
0.8737800121307373
0.846950888633728
0.824772834777832
0.7670862674713135
1.0244652032852173
0.9393154382705688
0.8980613946914673
0.8538440465927124
0.6996874809265137
0.6363134980201721
0.7648206949234009
0.773858904838562
0.6708271503448486
0.6694673299789429
0.5730902552604675
0.41212692856788635
0.42486268281936646
0.22712194919586182
0.12382132560014725
0.12304245680570602
0.12107307463884354
0.15255436301231384
0.009881436824798584
0.013681858777999878
0.0730576291680336
0.05608314275741577
0.21902336180210114
-0.042208895087242126
0.11527487635612488
0.1481703668832779
0.16867002844810486
0.16987232863903046
0.20172372460365295
0.31674864888191223
0.5145415663719177
0.49720078706741333
0.8316667079925537
0.7674468755722046
0.6842296123504639
0.6110323667526245
0.4746508002281189
0.4444657266139984
0.308230996131897
0.14941278100013733
0.32880887389183044
0.6865562200546265
0.8189091682434082
0.8066858053207397
0.7131117582321167
0.7315694093704224
0.6554099321365356
0.8945657014846802
0.8752574920654297
0.8865759372711182
0.791211724281311
0.9157285690307617
0.8794108629226685
0.9408701658248901
0.9778839349746704
1.0149257183074951
1.0145280361175537
1.0125819444656372
0.9484667778015137
0.9795584678649902
1.013094186782837
1.0109901428222656
0.9730778932571411
0.9344063997268677
0.9908885955810547
0.9950103759765625
1.0306143760681152
1.014908790588379
1.0008796453475952
0.9835026264190674
1.063448429107666
0.9889281988143921
0.978987455368042
1.0529279708862305
0.9619163274765015
0.8057146072387695
0.8394638299942017
0.6018034219741821
0.2989034950733185
0.42482686042785645
0.3098544478416443
0.10234770178794861
-0.0008804947137832642
-0.006367161870002747
-0.007159322500228882
0.018457278609275818
0.003923892974853516
0.04044581204652786
0.14601333439350128
0.13768304884433746
0.19537100195884705
0.265982449054718
0.20299890637397766
0.2887333631515503
0.37329334020614624
0.880272388458252
0.9291272163391113
0.9200843572616577
0.8922436237335205
0.836395263671875
0.9022911787033081
0.929875373840332
0.959972620010376
0.9439053535461426
0.9839663505554199
0.9744541645050049
0.9863423109054565
0.992016077041626
0.8372104167938232
0.8986186981201172
0.9715858697891235
0.7250064611434937
0.9734282493591309
0.8952957391738892
0.8027664422988892
0.7479320764541626
0.7587226629257202
0.937492847442627
0.9370158910751343
0.8805637359619141
0.9969701766967773
0.9676564931869507
0.9918922185897827
0.9763282537460327
0.9724611043930054
0.9984413385391235
0.9667493104934692
1.0108239650726318
0.9606099128723145
1.01004159450531
0.9948663711547852
0.9591178894042969
0.989350438117981
1.026092290878296
0.9820877313613892
1.0059661865234375
0.961426854133606
0.969245433807373
1.0676288604736328
0.9965325593948364
0.9775533676147461
0.9081294536590576
0.9452766180038452
0.9540506601333618
0.9529650211334229
0.9180001020431519
0.8618005514144897
0.8223956823348999
0.7591754198074341
0.6682736873626709
0.6406362056732178
0.7188864946365356
0.33837026357650757
0.19964462518692017
0.18227337300777435
0.11448104679584503
0.0036137402057647705
0.08072888851165771
0.07031483203172684
0.0632588118314743
0.014580115675926208
0.043931297957897186
0.016209572553634644
0.01947997510433197
0.04341544955968857
0.08379712700843811
0.02187401056289673
0.012846991419792175
-0.013675317168235779
0.0008537024259567261
0.049137622117996216
0.013553395867347717
0.022659480571746826
-0.00453592836856842
0.07720419019460678
0.173622265458107
0.1233786940574646
0.28076955676078796
0.3023766875267029
0.1588454246520996
0.22542375326156616
0.13761229813098907
0.2667396366596222
0.3437603712081909
0.35354411602020264
0.6022447347640991
0.5395766496658325
0.5499042272567749
0.5133622288703918
0.4534018933773041
0.9301173686981201
0.4558909237384796
0.79929518699646
0.9400722980499268
0.8456268310546875
0.9132435321807861
0.9171451330184937
0.907254695892334
0.6586446762084961
0.8634250164031982
0.936375617980957
0.8870002031326294
0.9321533441543579
0.9141758680343628
1.0283644199371338
0.995429515838623
0.9959567785263062
0.39573007822036743
0.3132653832435608
0.38960713148117065
0.3596164584159851
0.2647481858730316
0.22445425391197205
0.15255436301231384
0.15255436301231384
0.17357151210308075
0.10712974518537521
0.06558448821306229
0.018457934260368347
0.20914843678474426
0.1952354907989502
0.1654658168554306
0.12187576293945312
0.18557108938694
0.31397420167922974
0.22010338306427002
0.36217400431632996
0.4837037920951843
0.42054298520088196
0.3354565501213074
0.518444299697876
0.6317908763885498
0.6308343410491943
0.6126264333724976
0.6544721126556396
0.6680161952972412
0.6578323841094971
0.5879918336868286
0.680673360824585
0.6065578460693359
0.5709798336029053
0.5808326005935669
0.8216286897659302
0.6406018733978271
0.5477151274681091
0.5491796731948853
0.5126981139183044
0.6668412685394287
0.5414884090423584
0.5088201761245728
0.6705869436264038
0.7065351009368896
0.9127849340438843
0.8902506828308105
0.9616535902023315
0.9732499122619629
0.8530938625335693
0.8718727827072144
0.41450703144073486
0.6195452213287354
1.0806806087493896
0.8262525796890259
1.0642560720443726
0.3920724391937256
0.0679142102599144
0.05077899992465973
0.08370514959096909
0.05970502644777298
0.03245841711759567
0.005717158317565918
0.0029961615800857544
0.016261473298072815
0.030868694186210632
0.06878908723592758
0.026429012417793274
0.11456404626369476
0.11252967268228531
0.18904639780521393
0.5438385009765625
0.5740664005279541
0.5840739011764526
0.9776216745376587
1.0055041313171387
0.9201757907867432
0.9403218030929565
0.7928154468536377
0.7313929796218872
0.5179016590118408
0.5004016160964966
0.259089857339859
0.6584912538528442
0.4620814025402069
0.428602933883667
0.9414166212081909
0.9580804109573364
0.9693348407745361
0.9982646703720093
1.02090585231781
1.0265953540802002
0.9216064214706421
0.972973108291626
0.9845449924468994
0.9455254077911377
0.9418309926986694
0.9894959926605225
0.9296419620513916
0.9762586355209351
1.0514761209487915
0.9863851070404053
1.0129010677337646
0.9715280532836914
0.8706928491592407
0.9088906049728394
0.6807793378829956
0.6570171117782593
0.6862907409667969
0.6212002038955688
0.6882188320159912
0.49751153588294983
0.24041301012039185
0.18139714002609253
0.11874625831842422
0.03093907982110977
0.011118143796920776
-0.012068435549736023
-0.016116857528686523
0.017538174986839294
-0.020535588264465332
0.003769487142562866
0.06143541634082794
0.09377747029066086
0.06035744398832321
0.17409199476242065
0.15416181087493896
0.18537995219230652
0.3533889949321747
0.45885169506073
0.7052891254425049
0.9623223543167114
0.8915377855300903
0.9471492767333984
0.9417417049407959
1.0156290531158447
0.671933650970459
-0.8808194398880005
0.14029087126255035
0.11057569086551666
0.11485947668552399
0.8712007999420166
0.9165163040161133
0.9562952518463135
1.0620100498199463
0.9535685777664185
0.907575249671936
0.9598138332366943
0.7772529125213623
0.9595634937286377
0.911365270614624
0.9562746286392212
0.6893198490142822
0.7562371492385864
0.7543549537658691
0.7329854965209961
0.7978997230529785
0.7605894804000854
0.6340177655220032
0.8146349191665649
0.6936438083648682
0.7294580936431885
0.7445297241210938
0.7765915393829346
0.5851513147354126
0.6380157470703125
0.6105239987373352
0.613978385925293
0.515811026096344
0.6158778667449951
0.5638195276260376
0.5420445203781128
0.4506045877933502
0.1561461091041565
0.22973555326461792
0.24098581075668335
0.5361981391906738
0.6619733572006226
0.7736045122146606
0.8038393259048462
0.5189210176467896
0.695142388343811
0.7136087417602539
0.6302313804626465
0.7310658693313599
0.8502153158187866
0.92364501953125
0.8372738361358643
0.7570757865905762
0.6447401642799377
0.5157953500747681
0.2803918421268463
0.18305790424346924
0.20819240808486938
0.19219042360782623
0.14579644799232483
0.05617170035839081
0.0789734497666359
0.14770053327083588
0.044832147657871246
0.022249728441238403
0.08134125918149948
0.1242106482386589
0.0801074281334877
0.14969228208065033
0.35576456785202026
0.24142739176750183
0.2265525758266449
0.252360075712204
0.3386525511741638
0.34916508197784424
0.4185377061367035
0.9110803604125977
0.8006306886672974
0.8632110357284546
0.8742307424545288
0.716200590133667
0.8113926649093628
0.9129060506820679
0.8814680576324463
0.9405902624130249
0.9034414291381836
0.9302961826324463
0.8965173959732056
0.7111697196960449
1.0863640308380127
0.7549823522567749
0.9771416187286377
1.0975059270858765
0.9317208528518677
0.9836573600769043
0.9242591857910156
0.9795149564743042
1.025837779045105
0.9999939203262329
1.003177285194397
1.0218782424926758
0.939711332321167
0.9293385744094849
0.9571187496185303
0.9657735824584961
1.029462218284607
1.015622854232788
1.0180188417434692
0.9889755249023438
0.9710122346878052
1.0034615993499756
1.0202045440673828
1.0021964311599731
0.9176729917526245
1.0075814723968506
1.010769248008728
0.9466246366500854
0.9428075551986694
0.9395134449005127
0.9556047916412354
1.0184468030929565
0.9609271287918091
0.9590022563934326
1.0560132265090942
1.0106364488601685
1.0374724864959717
1.059305191040039
0.9822741746902466
0.9797178506851196
0.9537496566772461
0.9517782926559448
0.9760059118270874
1.0026847124099731
1.0518959760665894
0.9893789291381836
1.0460195541381836
0.9527720212936401
1.0041016340255737
0.9910500049591064
0.9632388353347778
0.9626251459121704
0.9348626136779785
0.9330557584762573
0.825167179107666
0.8649709224700928
0.8230874538421631
0.7032700777053833
0.6466758251190186
0.4420888125896454
0.4188767671585083
0.29666560888290405
0.20542432367801666
0.22658655047416687
